morocc,137,59,4	script	Gacha Costume	4_YELL_FLOWER,{  //@ocp

setarray @cosboss1[0],20514,20516,20519,20526,20528,20538,20541,20543,20546,20570,20578,20582,20588,20592,20594,20597,20598,20599,20602,20603,20604,20605,20607,20613,20727,20737,20988,20990;
//setarray @cosboss2[0],31299,31452,31614,19836,20325,20430,20448,31816,31623,31721,19291,19834,31120,31589,31432,31542,31517,31719,31803,20407,31178,31687,31673,31715,31160,31607,31943;
setarray @cosboss3[0],31299,31452,31614,19836,20325,20430,20448,31816,31623,31721,19291,19834,31120,31589,31432,31542,31517,31719,31803,20407,31178,31687,31673,31715,31160,31607,31943,19294,19630,19642,19652,19769,19787,19810,19672,19713,19726,31492,19814,19823,19884,19934,19826,19877,20108,19805,19817,19947,31814,31841,20489,31577,31765,31663,31785,20318,31463,20492,31460,31667,31909,20112,31843,31395,31490,31574,31907,20316,31624,31186,20005,31831,31611,20247,31709,31786,31902,20345,31250,20255,31590,31377,31850,31565,31028,31174,31851,31052,31236,31936,31729,20440,20315,5909,5915,5977,5980,15881,15882,15889,18741,18743,19289,19292,19424,1943,19459,19464,19472,19502,19503,19504,19505,19595,19596,19597,19598,19600,19601,19605,19606,19607,19608,19609,19610,19611,19612,19613,19614,19615,19616,19617,19618,19620,19621,19622,19623,19624,19629,19631,19632,19633,19634,19635,19636,19637,19638,19639,19640,19641,19643,19644,19645,19646,19647,19648,19649,19650,19653,19654,19655,19656,19657,19658,19659,19660,19661,19662,19663,19664,19665,19666,19667,19668,19670,19671,19673,19676,19677,19678,19682,19684,19685,19687,19689,19690,19694,19695,19696,19697,19702,19704,19705,19706,19707,19708,19709,19710,19712,19714,19715,19716,19717,19718,19719,19720,19721,19722,19723,19724,19725,19727,19728,19729,19730,19732,19735,19738,19741,19743,19744,19745,19746,19747,19748,19749,19750,19751,19753,19754,19756,19757,19758,19759,19760,19761,19762,19763,19767,19768,19770,19771,19772,19773,19774,19775,19777,19778,19782,19783,19784,19785,19786,19788,19789,19790,19791,19792,19793,19794,19795,19796,19797,19798,19799,19800,19801,19802,19803,19804,19806,19807,19808,19809,19811,19812,19813,19815,19816,19818,19819,19821,19822,19824,19825,19827,19828,19829,19830,19831,19832,19833,19835,19837,19839,19841,19842,19843,19844,19845,19846,19847,19848,19849,19850,19851,19852,19857,19858,19859,19860,19861,19862,19863,19864,19865,19866,19867,19874,19875,19876,19878,19881,19882,19883,19885,19886,19887,19888,19889,19901,19902,19904,19905,19906,19907,19908,19909,19910,19911,19912,19913,19914,19915,19916,19919,19922,19923,19924,19925,19926,19927,19928,19929,19930,19931,19932,19935,19936,19937,19938,19939,19940,19941,19942,19943,19944,19945,19946,19948,19949,19950,19951,19952,19953,19954,19955,19956,19957,19958,19959,19960,19975,19977,19978,19979,19980,19981,19983,19984,19985,19986,19987,19988,19989,19990,19991,19992,19993,19994,19995,19997,19998,20004,20006,20007,20009,20010,20011,20012,20044,20045,20046,20047,20048,20049,20050,20054,20055,20056,20057,20058,20059,20060,20061,20065,20100,20101,20102,20103,20104,20105,20106,20107,20109,20113,20114,20115,20116,20117,20118,20119,20120,20121,20122,20123,20124,20125,20126,20127,20128,20129,20130,20131,20133,20134,20137,20138,20141,20142,20143,20144,20145,20146,20147,20148,20149,20150,20225,20226,20244,20245,20251,20252,20253,20254,20256,20257,20258,20259,20302,20303,20304,20305,20311,20312,20313,20314,20317,20319,20320,20321,20322,20324,20326,20328,20330,20331,20332,20333,20334,20335,20338,20339,20340,20341,20342,20346,20347,20348,20349,20350,20351,20352,20353,20354,20355,20356,20357,20358,20359,20360,20361,20362,20363,20364,20365,20366,20367,20368,20369,20370,20371,20372,20373,20374,20375,20376,20377,20378,20379,20380,20381,20382,20383,20384,20386,20388,20391,20394,20395,20396,20397,20398,20399,20400,20402,20403,20409,20410,20413,20414,20416,20417,20418,20419,20420,20421,20422,20423,20424,20425,20426,20427,20428,20429,20431,20432,20433,20434,20435,20436,20437,20446,20447,20450,20451,20452,20455,20456,20458,20460,20461,20462,20464,20465,20466,20467,20468,20472,20481,20482,20483,20486,20488,20490,20491,20493,20495,20496,20497,20499,21202,21206,21207,31029,31032,31033,31035,31036,31037,31038,31039,31041,31042,31043,31044,31045,31047,31048,31049,31050,31051,31054,31057,31059,31060,31061,31062,31063,31090,31092,31093,31095,31096,31097,31098,31099,31106,31113,31114,31117,31121,31123,31124,31125,31126,31127,31128,31129,31131,31132,31133,31134,31136,31137,31138,31139,31143,31144,31145,31146,31147,31148,31149,31150,31151,31152,31154,31155,31157,31158,31161,31162,31164,31166,31167,31168,31169,31170,31171,31175,31176,31177,31180,31181,31183,31184,31185,31187,31188,31189,31193,31194,31195,31196,31197,31198,31199,31201,31202,31203,31204,31205,31206,31207,31208,31216,31217,31218,31219,31220,31221,31222,31223,31224,31225,31226,31227,31228,31229,31230,31231,31232,31233,31234,31235,31237,31239,31240,31241,31243,31244,31245,31246,31247,31248,31249,31251,31253,31254,31256,31259,31260,31264,31266,31267,31268,31269,31270,31271,31272,31273,31274,31275,31276,31277,31278,31279,31280,31281,31282,31283,31284,31285,31286,31287,31288,31289,31291,31294,31295,31296,31298,31302,31303,31304,31307,31308,31309,31310,31311,31313,31314,31318,31321,31322,31323,31326,31327,31328,31329,31330,31332,31368,31369,31370,31371,31372,31373,31374,31376,31379,31380,31381,31383,31385,31388,31389,31390,31391,31392,31393,31397,31398,31399,31400,31401,31402,31403,31404,31406,31407,31408,31409,31411,31412,31413,31414,31415,31416,31418,31420,31431,31434,31435,31436,31437,31438,31440,31441,31442,31443,31444,31446,31448,31449,31450,31453,31457,31464,31465,31466,31467,31468,31469,31472,31473,31476,31480,31484,31485,31486,31487,31488,31489,31495,31496,31497,31505,31507,31508,31509,31510,31513,31516,31518,31519,31520,31521,31522,31523,31524,31526,31527,31528,31529,31530,31531,31540,31541,31543,31544,31547,31553,31554,31555,31556,31561,31562,31563,31564,31569,31571,31572,31575,31578,31580,31581,31582,31588,31598,31599,31601,31606,31608,31610,31622,31628,31630,31632,31633,31634,31635,31662,31664,31668,31669,31670,31674,31675,31676,31682,31683,31684,31688,31689,31691,31697,31700,31703,31704,31705,31706,31707,31708,31710,31711,31712,31714,31716,31717,31723,31724,31725,31726,31728,31734,31735,31738,31739,31740,31741,31742,31743,31744,31745,31746,31747,31748,31749,31750,31751,31752,31753,31762,31764,31766,31767,31768,31780,31781,31782,31784,31787,31788,31789,31790,31791,31793,31795,31796,31797,31799,31800,31801,31802,31805,31806,31807,31808,31809,31810,31811,31812,31813,31815,31824,31825,31827,31833,31837,31838,31840,31842,31844,31846,31874,31887,31889,31899,31904,31905,31913,31914,31915,31920,31921,31929,31938,31944,31959,31976;

set @cosboss1rand,rand( getarraysize(@cosboss1) ); // Randomize Common Items; just change max amount if you add items
//set @cosboss2rand,rand( getarraysize(@cosboss2) ); //Randomize Rare Items; just change max amount if you add items
set @cosboss3rand,rand( getarraysize(@cosboss3) ); //Randomize Rare Items; just change max amount if you add items

	mes "^000099[Gacha Costume]^000000";
	mes "คุณ ^FF0000[ "+ strcharinfo(0) +" ]^000000 อยากเสี่ยงดวงไหม ท่านต้องมี";
	mes "<ITEM>"+getitemname(2800021)+"<INFO>2800021</INFO></ITEM> จำนวน 1 ชิ้น";
	mes "^0000FFหรือ^000000";
	mes "<ITEM>"+getitemname(2944002)+"<INFO>2944002</INFO></ITEM> จำนวน 3 ชิ้น";
	next;
	menu 
//	"^009933•^000000 สุ่มโดยใช้ 200,000 Zeny",L_pre1,
	"^009933•^000000 สุ่มโดยใช้ 1 Costume Ticket",L_pre3,
	"^009933•^000000 สุ่มโดยใช้ 3 MVP Costume Ticket",L_pre4,
//	"^009933•^000000 แลก MVP Coin",L_recyhat,
	"^009933•^000000 ตัวอย่างของรางวัล",L_view1,
	"^009933•^000000 ไว้ก่อน",L_no;
	
L_recyhat:
	callshop "Recycle_hat_boss",1;
	end;

	
L_view1:
	callfunc "preview_gacha_shop8";
	end;


L_pre1:
		if(Zeny<200000)goto L_not;
		set Zeny, Zeny - 200000;
		goto L_ok;
		end;
L_pre3:
		if(countitem(2800021) < 1)goto L_not;
		delitem 2800021,1;
		goto L_ok;
		end;

L_pre4:
		if(countitem(2944002) < 3)goto L_not2;
		delitem 2944002,3;
		goto L_ok;
		end;



L_ok:
		mes "^000099[Gacha Costume]^000000";
		mes "ขอให้โชคดี";
		.chance = rand(0,1000);
		
		// คอสตูม Collection Wing	โครตแรร์
		if (.chance < 1) {
			//set Zeny, Zeny - 200000;
			getitem @cosboss1[@cosboss1rand],1;
			specialeffect2 10;
			announce "[ ระบบ ]  :  ผู้เล่น ["+strcharinfo(0)+"] หมุนตู้  Gacha Costume ได้รับ "+getitemname(@cosboss1[@cosboss1rand])+" ",bc_all,0xFFFF00;
			end;
		}
//		//  คอสตูม Collection
//		if (.chance < 51) {
//			//set Zeny, Zeny - 200000;
//			getitem @cosboss2[@cosboss2rand],1;
//			specialeffect2 10;
//			//announce "[ ระบบ ]  :  ผู้เล่น ["+strcharinfo(0)+"] หมุนตู้  Gacha Costume ได้รับ "+getitemname(@cosboss1[@cosboss1rand])+" ",bc_all,0xFFFF00;
//			end;
//		}
		// Common Items
		else {
			//set Zeny, Zeny - 200000;
			getitem @cosboss3[@cosboss3rand],1;
			specialeffect2 10;
			//announce "[ ระบบ ]  :  ผู้เล่น ["+strcharinfo(0)+"] หมุนตู้  Gacha Costume ได้รับ "+getitemname(@cosboss3[@cosboss3rand])+" ",bc_all,0xFFFF00;
			end; 
		}
    
		
L_no:
	mes "^000099[Gacha Costume]^000000";
	mes "พร้อมแล้วก็มาใหม่นะ^000000";
	close;
	
L_not:
	mes "^000099[Gacha Costume]^000000";
	mes "ท่านต้องมี";
//	mes "^0000FF200,000 Zeny^000000";
	mes "<ITEM>"+getitemname(2800021)+"<INFO>2800021</INFO></ITEM> จำนวน 1 ชิ้น";
	close;

L_not2:
	mes "^000099[Gacha Costume]^000000";
	mes "ท่านต้องมี";
//	mes "^0000FF200,000 Zeny^000000";
	mes "<ITEM>"+getitemname(2944002)+"<INFO>2944002</INFO></ITEM> จำนวน 3 ชิ้น";
	close;
	
	end;
OnInit:
waitingroom "  สุ่มกาชาคอสตูม",0;
end;	
}
