morocc,125,71,4	script	Jigsaw Costume	2_DROP_MACHINE,{  //@ocp

setarray @cupper1[0],19836,20281,20325,20344,20430,20448,20506,20514,20516,20519,20526,20528,20538,20541,20543,20546,20570,20578,20582,20588,20590,20592,20594,20597,20598,20599,20602,20603,20604,20605,20607,20613,20727,20737,20988,20990,31566,31589,31616,31721,31816,31885,31930;
//setarray @cupper2[0],3000000,3000001,3000002,3000003,3000004,3000005,3000006,3000007,3000008,3000009,3000010,3000011,3000012,3000013,3000014,3000015,3000016,3000017,3000018,3000019,3000020,3000021,3000022,3000023,3000024,3000025,3000026,3000027,3000028,3000029,3000030,3000031,3000032,3000033,3000034,3000035,3000036,3000037,3000038,3000039,3000040,3000041,3000042,3000043,3000044,3000045,3000046,3000047,3000048,3000049,3000050,3000051,3000052,3000053,3000054,3000055,3000056,3000057,3000058,3000059,3000060,3000061,3000062,3000063,3000064,3000065,3000066,3000067,3000068,3000069,3000070,3000071,3000072,3000073,3000074,3000075,3000076,3000077,3000078,3000079,3000080,3000081,3000082,3000083,3000084,3000085,3000086,3000087,3000088,3000089,3000090,3000091,3000092,3000093,3000094,3000095,3000096,3000097,3000098,3000099,3000100,3000101,3000102,3000103,3000104,3000105,3000106,3000107,3000108,3000109,3000110,3000111,3000112,3000113,3000114,3000115,3000116,3000117,3000118,3000119,3000120,3000121,3000122,3000123,3000124,3000125,3000126,3000127,3000128,3000129,3000130,3000131,3000132,3000133,3000134,3000135,3000136,3000137,3000138,3000139,3000140,3000141,3000142,3000143,3000144,3000145,3000147,3000148,3000149,3000150,3000151,3000152,3000153,3000154,3000155,3000156,3000157,3000158,3000159,3000160,3000161,3000162,3000168,3000169,3000187,3000188,3000189,3000190,3000191,3000192,3000193,3000194,3000195,3000196,3000197,3000198,3000199,3000200,3000201,3000202,3000203,3000204,3000205,3100000,3100001,3100002,3100003,3100004,3100005,3100006,3100007,3100008,3100009,3100010,3100011,3100012,3100013,3100014,3100015,3100016,3100017,3100018,3100019,3100020,3100021,3100022,3100023,3100024,3100025,3100026,3100027,3100028,3100029,3100030,3100031,3100032,3100033,3100034,3100035,3100036,3100037,3100038,3100039,3100040,3100041,3100042,3100043,3100044,3100045,3100046,3100047,3100048,3100049,3100050,3100051,3100052,3100053,3100054,3100055,3100056,3100057,3100058,3100059,3100060,3100061,3100062,3100063,3100064,3100065,3100066,3100067,3100068,3100069,3100070,3100071,3100072,3100073,3100074,3100075,3100076,3100077,3100078,3100079,3100080,3100081,3100082,3100083,3100085,3100086,3100087,3100088,3100089,3100090,3100091,3100092,3100093,3200000,3200001,3200002,3200003,3200004,3200005,3200006,3200007,3200008,3200009,3200010,3200011,3200012,3200013,3200014,3200015,3200016,3200017,3200018,3200019,3200020,3200021,3200022,3200024,3200025,3200026,3200027,3200028,3200029,3200030,3200031,3200032,3200033,3200034,3200035,3200036,3200037,3200038,3200039,3200040,3200041,3200042,3200043,3200044,3200045,3200046,3200047,3200048,3200049,3200050,3200051,3200052,3200053,3200054,3200055,3200056,3200057,3200058,3200059,3200060,3200061,3200062,3200063,3200064,3200065,3200066,3200067,3200068,3200069,3200070,3200071,3200072,3200073,3200074,3200075,3200076,3200077,3200078,3200079,3200080,3200081,3200082,3200083,3200084,3200085,3200086,3200087,3200088,3200089,3200090,3200091,3200092,3200093,3200094,3200095,3200096,3200097,3200098,3200099,3200100,3200101,3200102,3200103,3200104,3200105,3200106,3200107,3200108,3200109,3200110,3200111,3200112,3200113,3200114,3200115,3200116,3200117,3200118,3200119,3200120,3200121,3200122,3200123,3200124,3200125,3200126,3200127,3200128,3200129,3200130,3200131,3200132,3200133,3200134,3200135,3200136,3200138,3200139,3200140,3200141,3200142,3200143,3200144,3200145,3200157,3200158,3200159,3200160,3200162,3200163,3200164,3200165,3200166,3200167,3200168,3200172,3200173,3200174,3200175,3200176,3200177,3200178,3200179,3200180,3200181,3200182,3200183,3200184,3200185,3200186,3200187,3200188,3200189,3200190,3300008,3300009,3300010,3300011,3300012,3300050,3300013,3300014,3300015,3300016,3300017,3300018,3300019,3300020,3300021,3300022,3300023,3300024,3300025,3300026,3300027,3300028,3300045,3300046,3300047,3300048,3300049,3300051,3300052,3300053,3300054,3300055,3300056,3300057,3300058,3300059,3300060;
setarray @cupper3[0],5909,5914,5915,5977,5979,5980,15881,15882,15889,18740,18741,18742,18743,19158,19289,19291,19292,19294,19424,1943,19459,19464,19472,19502,19503,19504,19505,19595,19596,19597,19598,19600,19601,19602,19603,19604,19605,19606,19607,19608,19609,19610,19611,19612,19613,19614,19615,19616,19617,19618,19620,19621,19622,19623,19624,19629,19630,19631,19632,19633,19634,19635,19636,19637,19638,19639,19640,19641,19642,19643,19644,19645,19646,19647,19648,19649,19650,19651,19652,19653,19654,19655,19656,19657,19658,19659,19660,19661,19662,19663,19664,19665,19666,19667,19668,19670,19671,19672,19673,19676,19677,19678,19682,19684,19685,19687,19689,19690,19694,19695,19696,19697,19701,19702,19704,19705,19706,19707,19708,19709,19710,19712,19713,19714,19715,19716,19717,19718,19719,19720,19721,19722,19723,19724,19725,19726,19727,19728,19729,19730,19732,19735,19738,19741,19743,19744,19745,19746,19747,19748,19749,19750,19751,19753,19754,19756,19757,19758,19759,19760,19761,19762,19763,19767,19768,19769,19770,19771,19772,19773,19774,19775,19776,19777,19778,19781,19782,19783,19784,19785,19786,19787,19788,19789,19790,19791,19792,19793,19794,19795,19796,19797,19798,19799,19800,19801,19802,19803,19804,19805,19806,19807,19808,19809,19810,19811,19812,19813,19814,19815,19816,19817,19818,19819,19821,19822,19823,19824,19825,19826,19827,19828,19829,19830,19831,19832,19833,19834,19835,19837,19839,19841,19842,19843,19844,19845,19846,19847,19848,19849,19850,19851,19852,19857,19858,19859,19860,19861,19862,19863,19864,19865,19866,19867,19874,19875,19876,19877,19878,19881,19882,19883,19884,19885,19886,19887,19888,19889,19901,19902,19904,19905,19906,19907,19908,19909,19910,19911,19912,19913,19914,19915,19916,19919,19922,19923,19924,19925,19926,19927,19928,19929,19930,19931,19932,19934,19935,19936,19937,19938,19939,19940,19941,19942,19943,19944,19945,19946,19947,19948,19949,19950,19951,19952,19953,19954,19955,19956,19957,19958,19959,19960,19973,19974,19975,19977,19978,19979,19980,19981,19983,19984,19985,19986,19987,19988,19989,19990,19991,19992,19993,19994,19995,19997,19998,20004,20005,20006,20007,20009,20010,20011,20012,20044,20045,20046,20047,20048,20049,20050,20051,20052,20054,20055,20056,20057,20058,20059,20060,20061,20065,20066,20069,20070,20071,20073,20076,20078,20079,20080,20081,20082,20083,20100,20101,20102,20103,20104,20105,20106,20107,20108,20109,20112,20113,20114,20115,20116,20117,20118,20119,20120,20121,20122,20123,20124,20125,20126,20127,20128,20129,20130,20131,20132,20133,20134,20137,20138,20141,20142,20143,20144,20145,20146,20147,20148,20149,20150,20151,20152,20153,20155,20156,20157,20158,20159,20160,20161,20164,20165,20166,20225,20226,20230,20232,20233,20235,20242,20243,20244,20245,20247,20248,20249,20250,20251,20252,20253,20254,20255,20256,20257,20258,20259,20267,20268,20269,20270,20271,20272,20273,20274,20277,20291,20293,20294,20295,20296,20299,20302,20303,20304,20305,20311,20312,20313,20314,20315,20316,20317,20318,20319,20320,20321,20322,20324,20326,20328,20330,20331,20332,20333,20334,20335,20338,20339,20340,20341,20342,20345,20346,20347,20348,20349,20350,20351,20352,20353,20354,20355,20356,20357,20358,20359,20360,20361,20362,20363,20364,20365,20366,20367,20368,20369,20370,20371,20372,20373,20374,20375,20376,20377,20378,20379,20380,20381,20382,20383,20384,20386,20388,20391,20393,20394,20395,20396,20397,20398,20399,20400,20402,20403,20405,20407,20409,20410,20413,20414,20416,20417,20418,20419,20420,20421,20422,20423,20424,20425,20426,20427,20428,20429,20431,20432,20433,20434,20435,20436,20437,20440,20446,20447,20450,20451,20452,20455,20456,20458,20460,20461,20462,20464,20465,20466,20467,20468,20472,20481,20482,20483,20486,20488,20489,20490,20491,20492,20493,20495,20496,20497,20499,21202,21206,21207,31028,31029,31032,31033,31035,31036,31037,31038,31039,31041,31042,31043,31044,31045,31047,31048,31049,31050,31051,31052,31054,31057,31059,31060,31061,31062,31063,31090,31092,31093,31095,31096,31097,31098,31099,31100,31101,31102,31103,31104,31106,31113,31114,31117,31120,31121,31123,31124,31125,31126,31127,31128,31129,31131,31132,31133,31134,31136,31137,31138,31139,31143,31144,31145,31146,31147,31148,31149,31150,31151,31152,31154,31155,31156,31157,31158,31160,31161,31162,31164,31166,31167,31168,31169,31170,31171,31172,31174,31175,31176,31177,31178,31180,31181,31183,31184,31185,31186,31187,31188,31189,31193,31194,31195,31196,31197,31198,31199,31201,31202,31203,31204,31205,31206,31207,31208,31216,31217,31218,31219,31220,31221,31222,31223,31224,31225,31226,31227,31228,31229,31230,31231,31232,31233,31234,31235,31236,31237,31239,31240,31241,31243,31244,31245,31246,31247,31248,31249,31250,31251,31253,31254,31256,31259,31260,31264,31266,31267,31268,31269,31270,31271,31272,31273,31274,31275,31276,31277,31278,31279,31280,31281,31282,31283,31284,31285,31286,31287,31288,31289,31291,31294,31295,31296,31298,31299,31300,31302,31303,31304,31307,31308,31309,31310,31311,31313,31314,31317,31318,31321,31322,31323,31326,31327,31328,31329,31330,31332,31368,31369,31370,31371,31372,31373,31374,31376,31377,31379,31380,31381,31383,31385,31388,31389,31390,31391,31392,31393,31395,31397,31398,31399,31400,31401,31402,31403,31404,31406,31407,31408,31409,31411,31412,31413,31414,31415,31416,31418,31420,31431,31432,31434,31435,31436,31437,31438,31440,31441,31442,31443,31444,31446,31448,31449,31450,31452,31453,31457,31460,31463,31464,31465,31466,31467,31468,31469,31472,31473,31476,31480,31482,31484,31485,31486,31487,31488,31489,31490,31492,31495,31496,31497,31505,31507,31508,31509,31510,31513,31516,31517,31518,31519,31520,31521,31522,31523,31524,31526,31527,31528,31529,31530,31531,31533,31538,31540,31541,31542,31543,31544,31547,31548,31551,31553,31554,31555,31556,31561,31562,31563,31564,31565,31569,31571,31572,31574,31575,31577,31578,31580,31581,31582,31588,31590,31598,31599,31601,31606,31607,31608,31610,31611,31614,31615,31621,31622,31623,31624,31628,31630,31632,31633,31634,31635,31662,31663,31664,31667,31668,31669,31670,31673,31674,31675,31676,31682,31683,31684,31687,31688,31689,31691,31693,31697,31700,31703,31704,31705,31706,31707,31708,31709,31710,31711,31712,31714,31715,31716,31717,31719,31723,31724,31725,31726,31728,31729,31734,31735,31738,31739,31740,31741,31742,31743,31744,31745,31746,31747,31748,31749,31750,31751,31752,31753,31754,31755,31756,31757,31758,31759,31760,31761,31762,31764,31765,31766,31767,31768,31770,31771,31772,31773,31774,31775,31776,31777,31778,31779,31780,31781,31782,31784,31785,31786,31787,31788,31789,31790,31791,31793,31795,31796,31797,31799,31800,31801,31802,31803,31805,31806,31807,31808,31809,31810,31811,31812,31813,31814,31815,31819,31824,31825,31827,31831,31833,31837,31838,31840,31841,31842,31843,31844,31846,31849,31850,31851,31867,31868,31869,31870,31871,31872,31873,31874,31887,31889,31899,31902,31904,31905,31907,31909,31913,31914,31915,31918,31919,31920,31921,31929,31936,31938,31940,31943,31944,31951,31959,31975,31976;

set @cupper1rand,rand( getarraysize(@cupper1) ); // Randomize Common Items; just change max amount if you add items
//set @cupper2rand,rand( getarraysize(@cupper2) ); //Randomize Rare Items; just change max amount if you add items
set @cupper3rand,rand( getarraysize(@cupper3) ); //Randomize Rare Items; just change max amount if you add items

	mes "^000099[Jigsaw Costume]^000000";
//	mes "คุณ ^FF0000[ "+ strcharinfo(0) +" ]^000000 อยากเสี่ยงดวงไหม ท่านต้องมี";
//	mes "^0000FF200,000 Zeny^000000";
//	mes "<ITEM>"+getitemname(2800021)+"<INFO>2800021</INFO></ITEM> จำนวน 1 ชิ้น";
	next;
	menu 
//	"^009933•^000000 สุ่มโดยใช้ 200,000 Zeny",L_pre1,
//	"^009933•^000000 สุ่มโดยใช้ 1 Costume Ticket",L_pre3,
//	"^009933•^000000 ตัวอย่างของรางวัล",L_view,
	"^009933•^000000 แลก Jigsaw Angel Wing",L_wing,
	"^009933•^000000 แลก Jigsaw Solar",L_solar,
	"^009933•^000000 ไว้ก่อน",L_no;
L_wing:
close2;
callshop "Crafting_Angel_Move_Wing",1;
end;

L_solar:
close2;
callshop "Crafting_Solaflash",1;
end;


L_view:
	callfunc "preview_gacha_shop8";
	end;


L_pre1:
		if(Zeny<200000)goto L_not;
		set Zeny, Zeny - 200000;
		goto L_ok;
		end;
L_pre3:
		if(countitem(2800021) < 1)goto L_not;
		delitem 2800021,1;
		goto L_ok;
		end;
L_ok:
		mes "^000099[Gacha Costume]^000000";
		mes "ขอให้โชคดี";
		.chance = rand(0,100);
		
		// Super Rare Item 1%	โครตแรร์
		if (.chance < 1) {
			//set Zeny, Zeny - 200000;
			getitem @cupper1[@cupper1rand],1;
			specialeffect2 10;
			//announce "[ ระบบ ]  :  ผู้เล่น ["+strcharinfo(0)+"] หมุนตู้  Gachapon Zeny ได้รับ "+getitemname(@gz4[@gz4rand])+" ",bc_all,0xFFFF00;
			end;
		}
		if (.chance < 11) {
			//set Zeny, Zeny - 200000;
			getitem @cupper2[@cupper2rand],1;
			specialeffect2 10;
			//announce "[ ระบบ ]  :  ผู้เล่น ["+strcharinfo(0)+"] หมุนตู้  Gachapon Zeny ได้รับ "+getitemname(@gz2[@gz2rand])+" ",bc_all,0xFFFF00;
			end;
		}
		// Common Items
		else {
			//set Zeny, Zeny - 200000;
			getitem @cupper3[@cupper3rand],1;
			specialeffect2 10;
			//announce "[ ระบบ ]  :  ผู้เล่น ["+strcharinfo(0)+"] หมุนตู้  Gachapon Zeny ได้รับ "+getitemname(@gz1[@gz1rand])+" ",bc_all,0xFFFF00;
			end; 
		}
    
		
L_no:
	mes "^000099[Jigsaw Costume]^000000";
	mes "พร้อมแล้วก็มาใหม่นะ^000000";
	close;
	
L_not:
	mes "^000099[Gacha Costume]^000000";
	mes "ท่านต้องมี";
//	mes "^0000FF200,000 Zeny^000000";
	mes "<ITEM>"+getitemname(2800021)+"<INFO>2800021</INFO></ITEM> จำนวน 1 ชิ้น";
	close;
	
	end;
	
}
