
like_game,87,90,6	script	ย่อยคอสตูมโบนัส	932,{

	disable_items;
	if (checkweight(1201,1) == 0) {
		mes .NPCname$;
		mes "^FF0000คุณมีไอเทมมากเกินไป^000000";
		end;
	}
	if (MaxWeight - Weight < 10000) {
		mes .NPCname$;
		mes "^FF0000กรุณาตรวจสอบน้ำหนักด้วย^000000";
		end;
	}




	mes .NPCname$;
	mes "หวัดดี, "+strcharinfo(0)+"!";
	mes "มีอะไรให้ข้ารับใช้ไหม ?";
	next;
	switch(select("> รับซื้อไอเท็ม::> ยกเลิก")){
		case 1:
				mes .NPCname$;
				mes "กรุณาเลือกไอเทมที่ตรงตามรายการ";
				mes "ที่ต้องการจะแลกเป็นพ้อย";
				mes "^FF0000หากแลกแล้วได้แต้มไม่ครบ^000000";
				mes "^FF0000ทางเราจะไม่รับผิดชอบ^000000";

				callshop "Shop_COS1999",2;
				npcshopattach "Shop_COS1999";
				end;
		case 2:
				mes .NPCname$;
				mes "กรุณาเลือกไอเทมที่ตรงตามรายการ";
				mes "ที่ต้องการจะแลกเป็นพ้อย";
				mes "^FF0000หากแลกแล้วได้แต้มไม่ครบ^000000";
				mes "^FF0000ทางเราจะไม่รับผิดชอบ^000000";

				callshop "Shop_COS1999",1;
				npcshopattach "Shop_COS1999";
				end;
		case 3:
				mes .NPCname$;
				mes "โอกาสหน้าเชิญใหม่ค่ะ.";
				end;
	}
	
OnSellItem:
	mes "ไอเทมที่จะแลก:";
	mes "-----------------------------------";
	freeloop(1);
	for ( .@i = 0; .@i < getarraysize(@sold_nameid); .@i = .@i + 1 ) {
	
		for ( .@j = 0; .@j < getarraysize(.list_item); .@j = .@j + 1 ) {
		
			if( @sold_nameid[.@i] == .list_item[.@j] ){
				set .@item_id[getarraysize(.@item_id)], @sold_nameid[.@i];
				set .@item_amt[getarraysize(.@item_amt)], @sold_quantity[.@i];
				set .@item_total, .@item_total+(@sold_quantity[.@i]*.list_amount[.@j]);
				mes "^777777"+@sold_quantity[.@i]+"x "+getitemname(@sold_nameid[.@i])+"^000000 ^FF0000["+.list_amount[.@j]+"]^000000 แต้ม";
			} // end if
			
		} // end for j
		
	} // end for i
	freeloop(0);
	deletearray @sold_nameid[0], getarraysize(@sold_nameid);
	deletearray @sold_quantity[0], getarraysize(@sold_quantity);

	if (!.@item_id) {
		mes "  ^777777 (ไม่ใช่ไอเทมที่สามารถขายได้) ^000000";
		close;
	}
	
	mes "---------- รวมทั้งหมด: ^0055FF"+.@item_total+" แต้ม.^000000 -------";
	next;
	
	if(select(" > ^0055FFแลกเปลี่ยน...^000000: > ^777777ยกเลิก^000000") == 2) {
		mes .NPCname$;
		mes "ไว้พบกันใหม่ โอกาสหน้า";
		close;
	}
	
	for(.@i = 0; .@i < getarraysize(.@item_id); .@i = .@i + 1){
		delitem .@item_id[.@i],.@item_amt[.@i];
	}
	set #BONUSPOINTS, #BONUSPOINTS + .@item_total;
	dispbottom .NPCname$ + " : ท่านได้รับ Bonus Point " + callfunc("F_InsertComma",.@item_total) + " รวมตอนนี้ " + callfunc("F_InsertComma",#BONUSPOINTS);
	mes .NPCname$;
	mes "ขอบคุณที่ท่านไว้ใจ!";
	mes "และนำไอเท็มมาขายกับร้านของเรา!";
	mes "หวังว่าครั้งหน้าท่านจะนำมาขายเราอีก";
	close;
	
OnBuyItem:
	for(set .@i,0; .@i<getarraysize(@bought_nameid); set .@i,.@i+1)
		for(set .@j,0; .@j<getarraysize(.Shop); set .@j,.@j+2)
			if (@bought_nameid[.@i] == .Shop[.@j]) {
				set .@cost, .@cost+(.Shop[.@j+1]*@bought_quantity[.@i]);
				break;
			}
	if (.@cost > #BONUSPOINTS) {
		mes .NPCname$;
		mes "เจ้ามีแต้มไม่เพยงพอ.";
		end;
	}
	else {
		mes "รายการสินค้า:";
		mes "-----------------------------------";
		for(set .@i,0; .@i<getarraysize(@bought_nameid); set .@i,.@i+1) {
			mes "  ^777777"+@bought_quantity[.@i]+"x "+getitemname(@bought_nameid[.@i])+"^000000";
		}
		mes "---------- รวมทั้งหมด: ^0055FF"+.@cost+" แต้ม.^000000 -------";
		//set #BONUSPOINTS, #BONUSPOINTS - .@cost;
		next;
	}
	if(select(" > ^0055FFแลกซื้อ...^000000: > ^777777ยกเลิก^000000") == 2) {
		mes .NPCname$;
		mes "ไว้พบกันใหม่ โอกาสหน้า";
		close;
	}
	for(set .@i,0; .@i<getarraysize(@bought_nameid); set .@i,.@i+1) {
		set #BONUSPOINTS, #BONUSPOINTS - .@cost;
		getitem @bought_nameid[.@i], @bought_quantity[.@i];
		dispbottom .NPCname$ + " : ถูกหัก Bonus Point " + callfunc("F_InsertComma",.@cost) + " คงเหลือตอนนี้ " + callfunc("F_InsertComma",#BONUSPOINTS);
	}
	deletearray @bought_nameid[0], getarraysize(@bought_nameid);
	deletearray @bought_quantity[0], getarraysize(@bought_quantity);
	mes .NPCname$;
	mes "ขอบคุณที่ท่านไว้ใจ!";
	mes "นำแต้มมาแลกกับไอเท็มร้านของเรา!";
	mes "หวังว่าครั้งหน้าท่านจะมาใช้บริการเราอีก";
	close;
	
OnInit:
	.NPCname$ = "[ ย่อยคอสอาวุธ ]";
	setarray .list_item,3000008,
3000009,
3000010,
3000011,
3000012,
3000013,
3000014,
3000023,
3000024,
3000025,
3000026,
3000027,
3000028,
3000029,
3000030,
3000031,
3000032,
3000033,
3000034,
3000035,
3000036,
3000037,
3000038,
3000039,
3000040,
3000041,
3000042,
3000043,
3000044,
3000045,
3000046,
3000047,
3000048,
3000049,
3000050,
3000051,
3000052,
3000053,
3000054,
3000055,
3000056,
3000057,
3000058,
3000059,
3000060,
3000061,
3000062,
3000063,
3000064,
3000065,
3000066,
3000067,
3000068,
3000069,
3000070,
3000071,
3000072,
3000073,
3000074,
3000075,
3000076,
3000077,
3000078,
3000079,
3000080,
3000081,
3000082,
3000083,
3000084,
3000085,
3000086,
3000087,
3000088,
3000089,
3000090,
3000091,
3000092,
3000093,
3000094,
3000095,
3000096,
3000097,
3000098,
3000099,
3000100,
3000101,
3000102,
3000103,
3000104,
3000105,
3000106,
3000107,
3000108,
3000109,
3000110,
3000111,
3000112,
3000113,
3000114,
3000115,
3000116,
3000117,
3000118,
3000119,
3000120,
3000121,
3000122,
3000123,
3000124,
3000125,
3000126,
3000127,
3000128,
3000129,
3000130,
3000131,
3000132,
3000133,
3000134,
3000135,
3000136,
3000137,
3000138,
3000139,
3000140,
3000141,
3000142,
3000143,
3000144,
3000145,
3000147,
3000148,
3000149,
3000150,
3000151,
3000152,
3000153,
3000154,
3000155,
3000156,
3000157,
3000158,
3000159,
3000160,
3000161,
3000162,
3000167,
3000168,
3000169,
3000170,
3000171,
3000174,
3000175,
3000176,
3000177,
3000178,
3000179,
3000180,
3000181,
3000182,
3000183,
3000184,
3000185,
3000187,
3000188,
3000189,
3000190,
3000191,
3000192,
3000193,
3000194,
3000195,
3000196,
3000197,
3000198,
3000199,
3000200,
3000201,
3000202,
3000203,
3000204,
3000205,
3000228,
3000229,
3000230,
3000231,
3000233,
3000234,
3000246,
3000247,
3000248,
3000249,
3000250,
3000251,
3000252,
3000253,
3000254,
3000255,
3000256,
3000257,
3000258,
3000259,
3000260,
3000261,
3000262,
3000263,
3000264,
3000265,
3000266,
3000267,
3000268,
3000269,
3000270,
3000271,
3000272,
3000273,
3000274,
3000275,
3000276,
3000277,
3000278,
3000279,
3000280,
3000281,
3000282,
3000283,
3000284,
3000285,
3000286,
3000287,
3000288,
3000289,
3000290,
3000291,
3000292,
3000293,
3000294,
3000295,
3000296,
3000297,
3000298,
3000299,
3000300,
3000301,
3000302,
3000303,
3000304,
3000305,
3000306,
3000307,
3000308,
3000309,
3000310,
3000311,
3000312,
3000313,
3000314,
3000315,
3000316,
3000317,
3000318,
3000319,
3000320,
3000321,
3000322,
3000323,
3000324,
3000325,
3000326,
3000327,
3000328,
3000329,
3000330,
3000331,
3000332,
3000333,
3000334,
3000335,
3000336,
3000337,
3000338,
3000339,
3000340,
3000341,
3000342,
3000343,
3000344,
3000345,
3000346,
3000347,
3000348,
3000349,
3000350,
3000351,
3000352,
3000353,
3000354,
3000355,
3000356,
3000357,
3000358,
3000359,
3000360,
3000361,
3000362,
3000363,
3000364,
3000365,
3000366,
3000367,
3000368,
3000369,
3000370,
3000371,
3000372,
3000373,
3000374,
3000375,
3000376,
3000377,
3000378,
3000379,
3000380,
3000381,
3000382,
3000383,
3000384,
3000385,
3000386,
3000387,
3000388,
3000389,
3000390,
3000391,
3000392,
3000393,
3000394,
3000395,
3000396,
3000397,
3000398,
3000399,
3000400,
3000401,
3000402,
3000403,
3000404,
3000405,
3000406,
3000407,
3000408,
3000409,
3000410,
3000411,
3000412,
3000413,
3000414,
3000415,
3000416,
3000417,
3000418,
3000419,
3000420,
3000421,
3000422,
3000423,
3000424,
3000425,
3000426,
3000427,
3000428,
3000429,
3000430,
3000431,
3000432,
3000433,
3000434,
3000435,
3000436,
3000437,
3000438,
3000444,
3000445,
3000446,
3000447,
3000448,
3000449,
3000450,
3000451,
3000452,
3000453,
3000454,
3000455,
3000456,
3000457,
3000458,
3000459,
3000460,
3000461,
3000462,
3000463,
3000464,
3000465,
3000466,
3000467,
3000468,
3000469,
3000470,
3000471,
3000472,
3000473,
3000474,
3000475,
3000476,
3000477,
3000478,
3000479,
3000480,
3000481,
3000482,
3000483,
3000484,
3000485,
3000486,
3100000,
3100001,
3100002,
3100003,
3100004,
3100005,
3100006,
3100007,
3100008,
3100010,
3100011,
3100012,
3100013,
3100014,
3100015,
3100016,
3100017,
3100019,
3100020,
3100021,
3100022,
3100023,
3100024,
3100025,
3100026,
3100027,
3100028,
3100029,
3100030,
3100031,
3100032,
3100033,
3100034,
3100035,
3100036,
3100037,
3100038,
3100039,
3100040,
3100041,
3100042,
3100043,
3100044,
3100045,
3100046,
3100047,
3100048,
3100049,
3100050,
3100051,
3100052,
3100053,
3100054,
3100055,
3100056,
3100057,
3100058,
3100059,
3100060,
3100061,
3100062,
3100063,
3100064,
3100065,
3100066,
3100067,
3100068,
3100069,
3100070,
3100071,
3100072,
3100073,
3100074,
3100075,
3100076,
3100077,
3100079,
3100080,
3100081,
3100082,
3100083,
3100085,
3100086,
3100087,
3100088,
3100089,
3100090,
3100091,
3100092,
3100093,
3100094,
3100095,
3100096,
3100097,
3100098,
3100099,
3100100,
3100101,
3100102,
3100103,
3100104,
3100105,
3100106,
3100107,
3100108,
3100109,
3100110,
3100111,
3100112,
3100113,
3100114,
3100115,
3100116,
3100117,
3100118,
3100119,
3100120,
3100121,
3100122,
3100123,
3100124,
3100125,
3100126,
3100127,
3100128,
3100129,
3100130,
3100131,
3100132,
3100133,
3100134,
3100135,
3100136,
3100137,
3100146,
3100147,
3100148,
3100149,
3100150,
3100151,
3100152,
3100153,
3100154,
3100155,
3100156,
3100157,
3100158,
3100159,
3100160,
3100172,
3100174,
3100175,
3100177,
3100178,
3100172,
3100174,
3100175,
3100177,
3100178,
3100180,
3100182,
3100183,
3100184,
3100185,
3100186,
3100187,
3100188,
3100189,
3100191,
3100192,
3100193,
3100195,
3100196,
3100197,
3100198,
3100199,
3100200,
3100201,
3100202,
3100203,
3100204,
3100205,
3100206,
3100207,
3100208,
3100209,
3100210,
3100211,
3100212,
3100213,
3100214,
3100219,
3100220,
3100221,
3100222,
3100229,
3100230,
3100231,
3100232,
3100233,
3100234,
3100235,
3100236,
3100237,
3100238,
3100239,
3100240,
3100241,
3100242,
3100243,
3100244,
3100245,
3100246,
3100247,
3100248,
3100249,
3100250,
3100251,
3100252,
3100253,
3100254,
3100255,
3100257,
3100258,
3100259,
3100260,
3100261,
3100262,
3100263,
3100264,
3200000,
3200001,
3200002,
3200003,
3200004,
3200005,
3200006,
3200007,
3200008,
3200009,
3200010,
3200011,
3200012,
3200013,
3200014,
3200015,
3200016,
3200017,
3200018,
3200019,
3200020,
3200021,
3200022,
3200024,
3200025,
3200026,
3200027,
3200028,
3200029,
3200030,
3200031,
3200032,
3200033,
3200034,
3200035,
3200036,
3200037,
3200038,
3200039,
3200040,
3200041,
3200042,
3200043,
3200044,
3200045,
3200046,
3200047,
3200048,
3200049,
3200050,
3200051,
3200052,
3200053,
3200054,
3200055,
3200056,
3200057,
3200058,
3200059,
3200060,
3200061,
3200062,
3200063,
3200064,
3200065,
3200066,
3200067,
3200068,
3200069,
3200070,
3200071,
3200072,
3200073,
3200074,
3200075,
3200076,
3200077,
3200078,
3200079,
3200080,
3200081,
3200082,
3200083,
3200084,
3200085,
3200086,
3200087,
3200088,
3200089,
3200090,
3200091,
3200092,
3200093,
3200094,
3200095,
3200096,
3200097,
3200098,
3200099,
3200100,
3200101,
3200102,
3200103,
3200104,
3200105,
3200106,
3200107,
3200108,
3200109,
3200110,
3200111,
3200112,
3200113,
3200114,
3200115,
3200116,
3200117,
3200118,
3200119,
3200120,
3200121,
3200122,
3200123,
3200124,
3200125,
3200126,
3200127,
3200128,
3200129,
3200130,
3200131,
3200132,
3200133,
3200134,
3200135,
3200136,
3200138,
3200139,
3200140,
3200141,
3200142,
3200143,
3200144,
3200145,
3200152,
3200153,
3200157,
3200158,
3200159,
3200146,
3200147,
3200148,
3200149,
3200150,
3200151,
3200155,
3200160,
3200162,
3200163,
3200164,
3200165,
3200166,
3200167,
3200168,
3200172,
3200173,
3200174,
3200175,
3200176,
3200177,
3200178,
3200179,
3200180,
3200181,
3200182,
3200183,
3200184,
3200185,
3200186,
3200187,
3200188,
3200189,
3200190,
3200192,
3200193,
3200194,
3200195,
3200196,
3200197,
3200198,
3200199,
3200202,
3200203,
3200204,
3200205,
3200210,
3200212,
3200213,
3200214,
3200221,
3200226,
3200227,
3200228,
3200229,
3200230,
3200231,
3200232,
3200233,
3200234,
3200235,
3200236,
3200237,
3200238,
3200239,
3200240,
3200241,
3200242,
3200243,
3200244,
3200245,
3200246,
3200247,
3200248,
3200249,
3200250,
3200251,
3200252,
3200253,
3200254,
3200255,
3200256,
3200257,
3200258,
3200259,
3200260,
3200261,
3200262,
3200263,
3200264,
3200265,
3200266,
3200267,
3200268,
3200269,
3200270,
3200271,
3200272,
3200273,
3200274,
3200275,
3200276,
3200277,
3200278,
3200279,
3200280,
3200281,
3200282,
3200283,
3200284,
3200285,
3200286,
3200287,
3200288,
3200289,
3200290,
3200291,
3200292,
3200293,
3200294,
3200295,
3200296,
3200297,
3200298,
3200299,
3200300,
3200301,
3200302,
3200303,
3200304,
3200305,
3200306,
3200307,
3200308,
3200309,
3200310,
3200311,
3200312,
3200313,
3200314,
3200315;	// <รหัสไอเท็ม> ,<รหัสไอเท็ม> ,<รหัสไอเท็ม> ,<รหัสไอเท็ม> เช่น 1201
	setarray .list_amount,400,
500,
500,
500,
500,
500,
500,
500,
500,
500,
500,
500,
500,
500,
500,
500,
500,
500,
500,
500,
500,
500,
500,
500,
500,
500,
500,
500,
500,
500,
500,
500,
500,
500,
500,
500,
500,
500,
500,
500,
500,
500,
500,
500,
500,
500,
500,
500,
500,
500,
500,
500,
500,
500,
500,
500,
500,
500,
500,
500,
500,
500,
500,
500,
500,
500,
500,
500,
500,
500,
500,
500,
500,
500,
500,
500,
500,
500,
500,
500,
500,
500,
500,
500,
500,
500,
500,
500,
500,
500,
500,
500,
500,
500,
500,
500,
500,
500,
500,
500,
500,
500,
500,
500,
500,
500,
500,
500,
500,
500,
500,
500,
500,
500,
500,
500,
500,
500,
500,
500,
500,
500,
500,
500,
500,
500,
500,
500,
500,
500,
500,
500,
500,
500,
500,
500,
500,
500,
500,
500,
500,
500,
500,
500,
500,
500,
500,
500,
500,
500,
500,
500,
500,
500,
500,
500,
500,
500,
500,
500,
500,
500,
500,
500,
500,
500,
500,
500,
500,
500,
500,
500,
500,
500,
500,
500,
500,
500,
500,
500,
500,
500,
500,
500,
500,
500,
500,
500,
500,
500,
500,
500,
500,
500,
500,
500,
500,
500,
500,
500,
500,
500,
500,
500,
500,
500,
500,
500,
500,
500,
500,
500,
500,
500,
500,
500,
500,
500,
500,
500,
500,
500,
500,
500,
500,
500,
500,
500,
500,
500,
500,
500,
500,
500,
500,
500,
500,
500,
500,
500,
500,
500,
500,
500,
500,
500,
500,
500,
500,
500,
500,
500,
500,
500,
500,
500,
500,
500,
500,
500,
500,
500,
500,
500,
500,
500,
500,
500,
500,
500,
500,
500,
500,
500,
500,
500,
500,
500,
500,
500,
500,
500,
500,
500,
500,
500,
500,
500,
500,
500,
500,
500,
500,
500,
500,
500,
500,
500,
500,
500,
500,
500,
500,
500,
500,
500,
500,
500,
500,
500,
500,
500,
500,
500,
500,
500,
500,
500,
500,
500,
500,
500,
500,
500,
500,
500,
500,
500,
500,
500,
500,
500,
500,
500,
500,
500,
500,
500,
500,
500,
500,
500,
500,
500,
500,
500,
500,
500,
500,
500,
500,
500,
500,
500,
500,
500,
500,
500,
500,
500,
500,
500,
500,
500,
500,
500,
500,
500,
500,
500,
500,
500,
500,
500,
500,
500,
500,
500,
500,
500,
500,
500,
500,
500,
500,
500,
500,
500,
500,
500,
500,
500,
500,
500,
500,
500,
500,
500,
500,
500,
500,
500,
500,
500,
500,
500,
500,
500,
500,
500,
500,
500,
500,
500,
500,
500,
500,
500,
500,
500,
500,
500,
500,
500,
500,
500,
500,
500,
500,
500,
500,
500,
500,
500,
500,
500,
500,
500,
500,
500,
500,
500,
500,
500,
500,
500,
500,
500,
500,
500,
500,
500,
500,
500,
500,
500,
500,
500,
500,
500,
500,
500,
500,
500,
500,
500,
500,
500,
500,
500,
500,
500,
500,
500,
500,
500,
500,
500,
500,
500,
500,
500,
500,
500,
500,
500,
500,
500,
500,
500,
500,
500,
500,
500,
500,
500,
500,
500,
500,
500,
500,
500,
500,
500,
500,
500,
500,
500,
500,
500,
500,
500,
500,
500,
500,
500,
500,
500,
500,
500,
500,
500,
500,
500,
500,
500,
500,
500,
500,
500,
500,
500,
500,
500,
500,
500,
500,
500,
500,
500,
500,
500,
500,
500,
500,
500,
500,
500,
500,
500,
500,
500,
500,
500,
500,
500,
500,
500,
500,
500,
500,
500,
500,
500,
500,
500,
500,
500,
500,
500,
500,
500,
500,
500,
500,
500,
500,
500,
500,
500,
500,
500,
500,
500,
500,
500,
500,
500,
500,
500,
500,
500,
500,
500,
500,
500,
500,
500,
500,
500,
500,
500,
500,
500,
500,
500,
500,
500,
500,
500,
500,
500,
500,
500,
500,
500,
500,
500,
500,
500,
500,
500,
500,
500,
500,
500,
500,
500,
500,
500,
500,
500,
500,
500,
500,
500,
500,
500,
500,
500,
500,
500,
500,
500,
500,
500,
500,
500,
500,
500,
500,
500,
500,
500,
500,
500,
500,
500,
500,
500,
500,
500,
500,
500,
500,
500,
500,
500,
500,
500,
500,
500,
500,
500,
500,
500,
500,
500,
500,
500,
500,
500,
500,
500,
500,
500,
500,
500,
500,
500,
500,
500,
500,
500,
500,
500,
500,
500,
500,
500,
500,
500,
500,
500,
500,
500,
500,
500,
500,
500,
500,
500,
500,
500,
500,
500,
500,
500,
500,
500,
500,
500,
500,
500,
500,
500,
500,
500,
500,
500,
500,
500,
500,
500,
500,
500,
500,
500,
500,
500,
500,
500,
500,
500,
500,
500,
500,
500,
500,
500,
500,
500,
500,
500,
500,
500,
500,
500,
500,
500,
500,
500,
500,
500,
500,
500,
500,
500,
500,
500,
500,
500,
500,
500,
500,
500,
500,
500,
500,
500,
500,
500,
500,
500,
500,
500,
500,
500,
500,
500,
500,
500,
500,
500,
500,
500,
500,
500,
500,
500,
500,
500,
500,
500,
500,
500,
500,
500,
500,
500,
500,
500,
500,
500,
500,
500,
500,
500,
500,
500,
500,
500,
500,
500,
500,
500,
500,
500,
500,
500,
500,
500,
500,
500,
500,
500,
500,
500,
500,
500,
500,
500,
500,
500,
500,
500,
500,
500,
500,
500,
500,
500,
500,
500,
500,
500,
500,
500,
500,
500,
500,
500,
500,
500,
500,
500,
500,
500,
500,
500,
500,
500,
500,
500,
500,
500,
500,
500,
500,
500,
500,
500,
500,
500,
500,
500,
500,
500,
500,
500,
500,
500,
500,
500,
500,
500,
500,
500,
500,
500,
500,
500,
500,
500,
500,
500,
500,
500,
500,
500,
500,
500,
500,
500,
500,
500,
500,
500,
500,
500,
500,
500,
500,
500,
500,
500,
500,
500,
500,
500,
500,
500,
500,
500,
500,
500,
500,
500,
500,
500,
500,
500,
500,
500;	// <ราคาขาย>,<ราคาขาย>,<ราคาขาย>,<ราคาขาย> เช่น 1201 ได้แต้ม 5
	setarray .Shop[0], // <รหัสไอเท็ม>,<ราคาซื้อ>

	//101416,5,
	161080,1,
	161081,30,
	161082,30;

	npcshopdelitem "Shop_COS1999",909;
	for(set .@i,0; .@i<getarraysize(.Shop); set .@i,.@i+2)
		npcshopadditem "Shop_COS1999",.Shop[.@i],.Shop[.@i+1];
		
	end;
}

-	shop	Shop_COS1999	-1,909:-1